0.283049367263107
0.336104779846407
0.244377752916138
0.036984363494903
0.137015035690611
0.418856459267523
0.024861436586241
0.367241412587272
0.313852796988004
0.106869711204192
0.223023987205167
0.174896648755795
0.280934396384887
0.265162990662830
0.185945565026099
0.045651410368465
0.325789439832412
0.251739945612998
0.299093018640578
0.110341378024398
0.385850416544510
0.277940356201816
0.172175007003476
0.118558246896865
0.141271865906844
0.101260819231278
0.198016039068117
0.443844546610407
0.148587614900423
0.414714414256547
0.035290696078568
0.302617596653446
0.115619460461666
0.061593720770576
0.275113859641323
0.137231772972586
0.168121164288642
0.211993403975632
0.199800404111144
0.212310514655815
0.162977778775910
0.059371043277842
0.282927096066203
0.164655455706686
0.215380280482283
0.157441251388919
0.115319817095326
0.024148586851024
0.324071633912398
0.262179542903313
0.076576194638227
0.101698673354967
0.383323665200584
0.043365483885079
0.144939594413047
0.174393814187604
0.327007874091935
0.511396811181444
0.323673552302154
0.495212810191867
0.142153175916679
0.207899075795767
0.044874089439878
0.023561929546430
0.178955533056841
0.379393621436050
0.323530147183253
0.359309062322510
0.224454728261813
0.115129662722466
0.238909465180896
0.489240873086623
0.168178098565251
0.155511240522009
0.225852673545529
0.244628711874214
0.240674173130209
0.290098472363730
0.283150402687787
0.209753259169054
0.094882041396312
0.315949078349662
0.129793549081650
0.030008132231334
0.369399720736864
0.274395102592969
0.365492949749084
0.342321564896138
0.286242320938517
0.374540407218594
0.344696814028158
0.105633249454579
0.192295875722761
0.238431787618648
0.313089022139540
0.238167588131128
0.155204569490042
0.114340221616926
0.267069932453439
0.199763076003134
